 234.9800   40.3134
 234.9800   40.3938
 234.9800   40.4742
 234.9800   40.5546
 234.9800   40.6352
 235.0543   40.7250
 235.0615   40.8148
 235.0554   40.9027
 235.0049   40.9842
 234.9544   41.0657
 234.9063   41.1479
 234.8735   41.2344
 234.8406   41.3209
 234.8055   41.4069
 234.7660   41.4918
 234.7263   41.5767
 234.6927   41.6621
 234.7078   41.7514
 234.7146   41.8406
 234.6977   41.9297
 234.6832   42.0190
 234.6728   42.1086
 234.6849   42.1972
 234.7106   42.2851
 234.7869   42.3550
 234.7980   42.4438
 234.7682   42.5254
 234.7289   42.6065
 234.7226   42.6963
 234.7163   42.7862
 234.7110   42.8760
 234.7110   42.9660
 234.7085   43.0556
 234.6597   43.1381
 234.6236   43.2241
 234.5847   43.3094
 234.5422   43.3939
 234.5249   43.4817
 234.5232   43.5717
 234.5215   43.6616
 234.5222   43.7515
 234.5365   43.8408
 234.5513   43.9301
 234.5847   44.0154
 234.6370   44.0924
 234.6335   44.1824
 234.6300   44.2723
 234.6280   44.3622
 234.6280   44.4521
 234.6275   44.5421
 234.6250   44.6320
 234.5796   44.7118
 234.5646   44.7986
 234.5631   44.8885
 234.5639   44.9785
 234.5647   45.0684
 234.5531   45.1577
 234.5335   45.2465
 234.5138   45.3354
 234.4940   45.4242
 234.4717   45.5128
 234.4461   45.6009
 234.4204   45.6890
 234.3947   45.7771
 234.3688   45.8652
 234.3426   45.9532
 234.3131   46.0408
 234.2836   46.1283
 234.2539   46.2158
 234.2245   46.3034
 234.1986   46.3915
 234.1726   46.4796
 234.1465   46.5677
 234.1194   46.6556
 234.0870   46.7427
 234.0545   46.8298
 234.0218   46.9169
 233.9941   47.0047
 233.9738   47.0935
 233.9535   47.1824
 233.9332   47.2712
 233.9087   47.3591
 233.8511   47.4401
 233.7932   47.5210
 233.7352   47.6019
 233.6771   47.6828
 233.6223   47.7646
 233.5822   47.8503
 233.5420   47.9361
 233.4941   48.0196
 233.4287   48.0981
 233.3631   48.1765
 233.2973   48.2550
 233.2256   48.3310
 233.1488   48.4049
 233.0718   48.4788
 232.9946   48.5526
 232.8925   48.6110
 232.7854   48.6662
 232.6781   48.7214
 232.5721   48.7777
 232.4676   48.8353
 232.3707   48.8975
 232.2940   48.9719
 232.2172   49.0463
 232.1780   49.1290
 232.1706   49.2187
 232.1632   49.3084
 232.1557   49.3982
 232.1482   49.4879
 232.0989   49.5717
 232.0480   49.6553
 231.9970   49.7389
 231.9133   49.8050
 231.7956   49.8528
 231.6991   49.9123
 231.6451   49.9952
 231.5910   50.0780
 231.5027   50.1472
 231.4108   50.2150
 231.3186   50.2827
 231.2194   50.3461
 231.1152   50.4065
 231.0107   50.4668
 230.8927   50.5154
 230.7711   50.5610
 230.6493   50.6065
 230.5300   50.6540
 230.4335   50.7198
 230.3367   50.7854
 230.2456   50.8538
 230.1744   50.9316
 230.1029   51.0093
 230.0312   51.0870
 229.9442   51.1581
 229.8536   51.2276
 229.7534   51.2902
 229.6289   51.3349
 229.5043   51.3795
 229.3969   51.4374
 229.3018   51.5049
 229.2065   51.5723
